cameras:
- camera:
    distortion:
      parameters:
        cols: 1
        rows: 4
        data: [0.004114762928023252, -0.028021075326115103, 0.12075408202580709, -0.10752125648784364]
      type: equidistant
    image_height: 480
    image_width: 752
    intrinsics:
      cols: 1
      rows: 4
      data: [470.2057531638139, 470.6258233077641, 375.0680852766383, 224.00402741395007]
    label: cam0
    line-delay-nanoseconds: 0
    type: pinhole
  T_B_C:
    cols: 4
    rows: 4
    data: [0.9999629595323676, 0.006975415260222964, 0.005042136969218305, 0.03751774481760668,
      -0.00696559962669021, 0.9999738157981529, -0.0019616676380493454, -0.00417036720012152,
      -0.0050556883912640975, 0.0019264734695721847, 0.9999853642503281, 0.0039631907049543,
      0.0, 0.0, 0.0, 1.0]
  serial_no: 0
  calib_date: 0
  description: /cam0/image_raw
label: VI-sensor

imu_params:
  delay_imu_cam: 0.0
  max_imu_delta_t: 0.01
  acc_max: 176.0
  omega_max: 17
  sigma_omega_c: 0.005
  sigma_acc_c: 0.01
  sigma_omega_bias_c: 4.0e-06
  sigma_acc_bias_c: 0.0002
  sigma_integration: 0.0
  g: 9.8082
  imu_rate: 200.0

imu_initialization:
  velocity: [0.0, 0.0, 0.0]
  omega_bias: [0.0, 0.0, 0.0]
  acc_bias: [0.0, 0.0, 0.0]
  velocity_sigma: 1.0
  omega_bias_sigma: 0.005
  acc_bias_sigma: 0.01
